    #Muestra numJDBCCount numHTTPCount     numHTTPQ
           0            0            5            2
           1            0            1            9
           2            0            2            8
           3            0            1            5
           4            0            5            5
           5            0            4            0
           6            0            3            0
           7            0            5           15
           8            0            2            0
           9            0            4            0
          10            0            5            0
          11            0            1            1
          12            0            4            0
          13            0            4            0
          14            0            3            0
          15            0            4           10
          16            0            5            2
          17            0            3            5
          18            0            5            9
          19            0            5            3
          20            0            5            9
          21            0            5            1
          22            0            5            8
          23            0            2            0
          24            0            4           12
          25            0            0            0
          26            0            5            0
          27            0            5            1
          28            0            5            0
          29            0            5            0
          30            0            3            0
          31            0            0            1
          32            0            0            0
          33            0            0            0
          34            0            2            0

TOT.MUESTRAS        MEDIA:
          35            0      3.34286      3.02857
