    #Muestra numJDBCCount numHTTPCount     numHTTPQ
           0            0            5           79
           1            0            5           12
           2            0            5            0
           3            0            5           11
           4            0            2            0
           5            0            5           38
           6            0            3            0
           7            0            5           23
           8            0            5           19
           9            0            5           21
          10            0            5            3
          11            0            0            9
          12            0            2           12
          13            0            5            8
          14            0            5            9
          15            0            5           11
          16            0            5           17
          17            0            5           16
          18            0            5            0
          19            0            5           11
          20            0            5           12
          21            0            5           34
          22            0            5           35
          23            0            5           10
          24            0            5           53
          25            0            5           34

TOT.MUESTRAS        MEDIA:
          26            0          4.5      18.3462
