    #Muestra numJDBCCount numHTTPCount     numHTTPQ
           0            0            5          134
           1            0            5          220
           2            0            5          227
           3            0            5           59
           4            0            5           77
           5            0            5           43
           6            0            5           72
           7            0            5          103
           8            0            5           47
           9            0            5           71
          10            0            5          185
          11            0            5           95
          12            0            5           26
          13            0            5           91
          14            0            5           66
          15            0            5          122
          16            0            5          118
          17            0            5          111
          18            0            5           95
          19            0            5           80
          20            0            5           36
          21            0            5           38
          22            0            5           70
          23            0            5          101
          24            0            5           88
          25            0            5           57

TOT.MUESTRAS        MEDIA:
          26            0            5      93.5385
