    #Muestra numJDBCCount numHTTPCount     numHTTPQ
           0            0            5          335
           1            0            5          503
           2            0            5          569
           3            0            5          345
           4            0            5          132
           5            0            5          202
           6            0            5          319
           7            0            5          288
           8            0            5          222
           9            0            5          247
          10            0            5          327
          11            0            5          345
          12            0            5          409
          13            0            5          417
          14            0            5          364
          15            0            5          416
          16            0            5          348
          17            0            5          250
          18            0            5          224
          19            0            5          150
          20            0            5          224
          21            0            5          329
          22            0            5          465
          23            0            5          380
          24            0            5          284
          25            0            5          439
          26            0            5          435
          27            0            5          310

TOT.MUESTRAS        MEDIA:
          28            0            5      331.357
