    #Muestra numJDBCCount numHTTPCount     numHTTPQ
           0            0            5          571
           1            0            5          569
           2            0            5          566
           3            0            5          566
           4            0            5          563
           5            0            5          500
           6            0            5          557
           7            0            5          552
           8            0            5          550
           9            0            5          536
          10            0            5          557
          11            0            5          558
          12            0            5          555
          13            0            5          545
          14            0            5          547
          15            0            5          558
          16            0            5          412
          17            0            5          434
          18            0            5          521
          19            0            5          508
          20            0            5          483
          21            0            5          547
          22            0            5          555
          23            0            5          550
          24            0            5          547
          25            0            5          560
          26            0            5          549
          27            0            5          555
          28            0            5          552
          29            0            5          553
          30            0            5          561
          31            0            5          549
          32            0            5          542
          33            0            5          550
          34            0            5          561
          35            0            5          558
          36            0            5          553

TOT.MUESTRAS        MEDIA:
          37            0            5      541.892
