    #Muestra numJDBCCount numHTTPCount     numHTTPQ
           0            0            5          578
           1            0            5          570
           2            0            5          571
           3            0            5          567
           4            0            5          543
           5            0            5          561
           6            0            5          551
           7            0            5          557
           8            0            5          551
           9            0            5          548
          10            0            5          548
          11            0            5          554
          12            0            5          551
          13            0            5          539
          14            0            5          546
          15            0            5          556
          16            0            5          548
          17            0            5          555
          18            0            5          542
          19            0            5          552
          20            0            5          555
          21            0            5          553
          22            0            5          543
          23            0            5          546
          24            0            5          542
          25            0            5          558
          26            0            5          549
          27            0            5          552
          28            0            5          536
          29            0            5          557
          30            0            5          523
          31            0            5          556
          32            0            5          547
          33            0            5          548
          34            0            5          553

TOT.MUESTRAS        MEDIA:
          35            0            5        551.6
