    #Muestra numJDBCCount numHTTPCount     numHTTPQ
           0            0            5          570
           1            0            5          568
           2            0            5          565
           3            0            5          567
           4            0            5          558
           5            0            5          535
           6            0            5          534
           7            0            5          542
           8            0            5          536
           9            0            5          538
          10            0            5          548
          11            0            5          537
          12            0            5          532
          13            0            5          549
          14            0            5          545
          15            0            5          546
          16            0            5          553
          17            0            5          548
          18            0            5          541
          19            0            5          533
          20            0            5          547
          21            0            5          552
          22            0            5          547
          23            0            5          542
          24            0            5          531
          25            0            5          550
          26            0            5          551
          27            0            5          542
          28            0            5          541
          29            0            5          527
          30            0            5          541
          31            0            5          542
          32            0            5          538
          33            0            5          550
          34            0            5          520
          35            0            5          554
          36            0            5          546

TOT.MUESTRAS        MEDIA:
          37            0            5      545.027
