    #Muestra numJDBCCount numHTTPCount     numHTTPQ
           0            0            5          569
           1            0            5          570
           2            0            5          566
           3            0            5          557
           4            0            5          563
           5            0            5          551
           6            0            5          530
           7            0            5          540
           8            0            5          514
           9            0            5          522
          10            0            5          543
          11            0            5          533
          12            0            5          539
          13            0            5          528
          14            0            5          532
          15            0            5          546
          16            0            5          548
          17            0            5          545
          18            0            5          546
          19            0            5          531
          20            0            5          546
          21            0            5          548
          22            0            5          537
          23            0            5          547
          24            0            5          532
          25            0            5          539
          26            0            5          525
          27            0            5          507
          28            0            5          529
          29            0            5          543
          30            0            5          548
          31            0            5          549
          32            0            5          540
          33            0            5          526

TOT.MUESTRAS        MEDIA:
          34            0            5      540.853
