    #Muestra numJDBCCount numHTTPCount     numHTTPQ
           0            0            5          571
           1            0            5          567
           2            0            5          570
           3            0            5          554
           4            0            5          545
           5            0            5          542
           6            0            5          541
           7            0            5          543
           8            0            5          516
           9            0            5          517
          10            0            5          545
          11            0            5          548
          12            0            5          541
          13            0            5          541
          14            0            5          536
          15            0            5          552
          16            0            5          546
          17            0            5          542
          18            0            5          525
          19            0            5          549
          20            0            5          543
          21            0            5          532
          22            0            5          538
          23            0            5          529
          24            0            5          559
          25            0            5          555
          26            0            4          550
          27            0            5          549
          28            0            5          537
          29            0            5          534
          30            0            5          539
          31            0            5          533
          32            0            5          537
          33            0            5          515
          34            0            5          536
          35            0            5          515
          36            0            5          535
          37            0            5          533
          38            0            5          535
          39            0            5          550
          40            0            5          530
          41            0            5          547
          42            0            5          534
          43            0            5          528

TOT.MUESTRAS        MEDIA:
          44            0      4.97727      540.545
