    #Muestra numJDBCCount numHTTPCount     numHTTPQ
           0            0            1            0
           1            0            1            1
           2            0            1            0
           3            0            2            1
           4            0            5            7
           5            0            1            0
           6            0            1            0
           7            0            2            0
           8            0            0            0
           9            0            2            1
          10            0            5            0
          11            0            2            0
          12            0            2            0
          13            0            1            0
          14            0            2            0
          15            0            0            1
          16            0            1            0
          17            0            1            0
          18            0            0            0
          19            0            3            4
          20            0            1            0
          21            0            3            1
          22            0            2            0
          23            0            0            0

TOT.MUESTRAS        MEDIA:
          24            0        1.625     0.666667
